0 0.027455 0.015446 
3 0.027924 0.015710 
6 0.028412 0.015985 
9 0.028921 0.016271 
12 0.029451 0.016569 
15 0.030000 0.016878 
18 0.030569 0.017199 
21 0.031159 0.017531 
24 0.031767 0.017873 
27 0.032396 0.018227 
30 0.033044 0.018592 
33 0.033711 0.018967 
36 0.034397 0.019354 
39 0.035102 0.019750 
42 0.035825 0.020158 
45 0.036567 0.020575 
48 0.037327 0.021003 
51 0.038105 0.021441 
54 0.038901 0.021889 
57 0.039714 0.022347 
60 0.040544 0.022814 
63 0.041391 0.023291 
66 0.042254 0.023778 
69 0.043134 0.024273 
72 0.044030 0.024778 
75 0.044941 0.025291 
78 0.045867 0.025813 
81 0.046808 0.026343 
84 0.047764 0.026881 
87 0.048734 0.027428 
90 0.049718 0.027982 
93 0.050715 0.028544 
96 0.051725 0.029113 
99 0.052748 0.029689 
102 0.053782 0.030273 
105 0.054829 0.030862 
108 0.055886 0.031458 
111 0.056955 0.032061 
114 0.058033 0.032669 
117 0.059122 0.033283 
120 0.060220 0.033902 
123 0.061327 0.034526 
126 0.062442 0.035155 
129 0.063564 0.035788 
132 0.064694 0.036425 
135 0.065831 0.037067 
138 0.066974 0.037711 
141 0.068122 0.038359 
144 0.069276 0.039010 
147 0.070434 0.039664 
150 0.071595 0.040320 
153 0.072760 0.040977 
156 0.073928 0.041636 
159 0.075097 0.042296 
162 0.076268 0.042958 
165 0.077439 0.043619 
168 0.078610 0.044281 
171 0.079781 0.044942 
