0 0.027918 0.015707 
3 0.028519 0.016045 
6 0.029128 0.016388 
9 0.029747 0.016736 
12 0.030377 0.017091 
15 0.031019 0.017452 
18 0.031675 0.017822 
21 0.032346 0.018199 
24 0.033032 0.018585 
27 0.033734 0.018980 
30 0.034453 0.019385 
33 0.035191 0.019800 
36 0.035946 0.020226 
39 0.036721 0.020662 
42 0.037516 0.021109 
45 0.038330 0.021568 
48 0.039166 0.022038 
51 0.040021 0.022520 
54 0.040898 0.023014 
57 0.041796 0.023520 
60 0.042716 0.024037 
63 0.043656 0.024567 
66 0.044618 0.025109 
69 0.045600 0.025662 
72 0.046604 0.026228 
75 0.047628 0.026804 
78 0.048672 0.027393 
81 0.049736 0.027992 
84 0.050819 0.028602 
87 0.051921 0.029223 
90 0.053040 0.029854 
93 0.054178 0.030495 
96 0.055331 0.031146 
99 0.056500 0.031805 
102 0.057684 0.032472 
105 0.058882 0.033147 
108 0.060092 0.033830 
111 0.061314 0.034519 
114 0.062546 0.035213 
117 0.063787 0.035913 
120 0.065035 0.036617 
123 0.066289 0.037325 
126 0.067548 0.038035 
129 0.068810 0.038747 
132 0.070073 0.039460 
135 0.071336 0.040173 
138 0.072596 0.040884 
141 0.073852 0.041594 
144 0.075102 0.042300 
147 0.076344 0.043001 
150 0.077576 0.043696 
153 0.078795 0.044385 
156 0.080000 0.045066 
159 0.081187 0.045737 
162 0.082356 0.046397 
165 0.083502 0.047044 
168 0.084624 0.047679 
171 0.085718 0.048297 
